1
2
3
4
5
7
9
12
16
22
30
42
58
81
113
158
221
309
432
604
845
1183
1656
2318
3245
4543
6360
8904
12465
17451
24431
34203
47884
67037
93851
131391
183947
257525
360535
400000
400001
400002
400003
400004
400005
400007
400009
400012
400016
400022
400030
400042
400058
400081
400113
400158
400221
400309
400432
400604
400845
401183
401656
402318
403245
404543
406360
408904
412465
417451
424431
434203
447884
467037
493851
504748
531391
583947
657525
706647
760535
800000
800001
800002
800003
800004
800005
800007
800009
800012
800016
800022
800030
800042
800058
800081
800113
800158
800221
800309
800432
800604
800845
801183
801656
802318
803245
804543
806360
808904
812465
817451
824431
834203
847884
867037
893851
904748
931391
983947
989305
1057525
1106647
1160535
1200000
1200001
1200002
1200003
1200004
1200005
1200007
1200009
1200012
1200016
1200022
1200030
1200042
1200058
1200081
1200113
1200158
1200221
1200309
1200432
1200604
1200845
1201183
1201656
1202318
1203245
1204543
1206360
1208904
1212465
1217451
1224431
1234203
1247884
1267037
1293851
1304748
1331391
1383947
1385027
1389305
1457525
1506647
1560535
1600000
1600001
1600002
1600003
1600004
1600005
1600007
1600009
1600012
1600016
1600022
1600030
1600042
1600058
1600081
1600113
1600158
1600221
1600309
1600432
1600604
1600845
1601183
1601656
1602318
1603245
1604543
1606360
1608904
1612465
1617451
1624431
1634203
1647884
1667037
1693851
1704748
1731391
1783947
1785027
1789305
1857525
1906647
1939037
1960535
2000000
2000001
2000002
2000003
2000004
2000005
2000007
2000009
2000012
2000016
2000022
2000030
2000042
2000058
2000081
2000113
2000158
2000221
2000309
2000432
2000604
2000845
2001183
2001656
2002318
2003245
2004543
2006360
2008904
2012465
2017451
2024431
2034203
2047884
2067037
2093851
2104748
2131391
2183947
2185027
2189305
2257525
2306647
2339037
2360535
2400000
2400001
2400002
2400003
2400004
2400005
2400007
2400009
2400012
2400016
2400022
2400030
2400042
2400058
2400081
2400113
2400158
2400221
2400309
2400432
2400604
2400845
2401183
2401656
2402318
2403245
2404543
2406360
2408904
2412465
2417451
2424431
2434203
2447884
2467037
2493851
2504748
2531391
2583947
2585027
2589305
2657525
2706647
2714651
2739037
2760535
2800000
2800001
2800002
2800003
2800004
2800005
2800007
2800009
2800012
2800016
2800022
2800030
2800042
2800058
2800081
2800113
2800158
2800221
2800309
2800432
2800604
2800845
2801183
2801656
2802318
2803245
2804543
2806360
2808904
2812465
2817451
2824431
2834203
2847884
2867037
2893851
2904748
2931391
2983947
2985027
2989305
3057525
3106647
3114651
3139037
3160535
3200000
3200001
3200002
3200003
3200004
3200005
3200007
3200009
3200012
3200016
3200022
3200030
3200042
3200058
3200081
3200113
3200158
3200221
3200309
3200432
3200604
3200845
3201183
3201656
3202318
3203245
3204543
3206360
3208904
3212465
3217451
3224431
3234203
3247884
3267037
3293851
3304748
3331391
3383947
3385027
3389305
3457525
3506647
3514651
3539037
3560535
3600000
3600001
3600002
3600003
3600004
3600005
3600007
3600009
3600012
3600016
3600022
3600030
3600042
3600058
3600081
3600113
3600158
3600221
3600309
3600432
3600604
3600845
3601183
3601656
3602318
3603245
3604543
3606360
3608904
3612465
3617451
3624431
3634203
3647884
3667037
3693851
3704748
3731391
3783947
3785027
3789305
3800511
3857525
3906647
3914651
3939037
3960535
4000000
4000001
4000002
4000003
4000004
4000005
4000007
4000009
4000012
4000016
4000022
4000030
4000042
4000058
4000081
4000113
4000158
4000221
4000309
4000432
4000604
4000845
4001183
4001656
4002318
4003245
4004543
4006360
4008904
4012465
4017451
4024431
4034203
4047884
4067037
4093851
4104748
4131391
4183947
4185027
4189305
4200511
4257525
4306647
4314651
4339037
4360535
4400000
4400001
4400002
4400003
4400004
4400005
4400007
4400009
4400012
4400016
4400022
4400030
4400042
4400058
4400081
4400113
4400158
4400221
4400309
4400432
4400604
4400845
4401183
4401656
4402318
4403245
4404543
4406360
4408904
4412465
4417451
4424431
4434203
4447884
4467037
4493851
4504748
4531391
4583947
4585027
4589305
4600511
4657525
4706647
4714651
4739037
4760535
4800000
4800001
4800002
4800003
4800004
4800005
4800007
4800009
4800012
4800016
4800022
4800030
4800042
4800058
4800081
4800113
4800158
4800221
4800309
4800432
4800604
4800845
4801183
4801656
4802318
4803245
4804543
4806360
4808904
4812465
4817451
4824431
4834203
4847884
4867037
4893851
4904748
4931391
4983947
4985027
4989305
5000511
5057525
5106647
5114651
5139037
5160535
5200000
5200001
5200002
5200003
5200004
5200005
5200007
5200009
5200012
5200016
5200022
5200030
5200042
5200058
5200081
5200113
5200158
5200221
5200309
5200432
5200604
5200845
5201183
5201656
5202318
5203245
5204543
5206360
5208904
5212465
5217451
5224431
5234203
5247884
5267037
5293851
5304748
5320715
5331391
5383947
5385027
5389305
5400511
5457525
5506647
5514651
5539037
5560535
5600000
5600001
5600002
5600003
5600004
5600005
5600007
5600009
5600012
5600016
5600022
5600030
5600042
5600058
5600081
5600113
5600158
5600221
5600309
5600432
5600604
5600845
5601183
5601656
5602318
5603245
5604543
5606360
5608904
5612465
5617451
5624431
5634203
5647884
5667037
5693851
5704748
5720715
5731391
5783947
5785027
5789305
5800511
5857525
5906647
5914651
5939037
5960535
6000000
6000001
6000002
6000003
6000004
6000005
6000007
6000009
6000012
6000016
6000022
6000030
6000042
6000058
6000081
6000113
6000158
6000221
6000309
6000432
6000604
6000845
6001183
6001656
6002318
6003245
6004543
6006360
6008904
6012465
6017451
6024431
6034203
6047884
6067037
6093851
6104748
6120715
6131391
6183947
6185027
6189305
6200511
6257525
6306647
6314651
6339037
6360535
6400000
6400001
6400002
6400003
6400004
6400005
6400007
6400009
6400012
6400016
6400022
6400030
6400042
6400058
6400081
6400113
6400158
6400221
6400309
6400432
6400604
6400845
6401183
6401656
6402318
6403245
6404543
6406360
6408904
6412465
6417451
6424431
6434203
6447884
6467037
6493851
6504748
6520715
6531391
6583947
6585027
6589305
6600511
6657525
6706647
6714651
6739037
6760535
6800000
6800001
6800002
6800003
6800004
6800005
6800007
6800009
6800012
6800016
6800022
6800030
6800042
6800058
6800081
6800113
6800158
6800221
6800309
6800432
6800604
6800845
6801183
6801656
6802318
6803245
6804543
6806360
6808904
6812465
6817451
6824431
6834203
6847884
6867037
6893851
6904748
6920715
6931391
6983947
6985027
6989305
7000511
7057525
7106647
7114651
7139037
7160535
7200000
7200001
7200002
7200003
7200004
7200005
7200007
7200009
7200012
7200016
7200022
7200030
7200042
7200058
7200081
7200113
7200158
7200221
7200309
7200432
7200604
7200845
7201183
7201656
7202318
7203245
7204543
7206360
7208904
7212465
7217451
7224431
7234203
7247884
7267037
7293851
7304748
7320715
7331391
7383947
7385027
7389305
7400511
7449000
7457525
7506647
7514651
7539037
7560535
7600000
7600001
7600002
7600003
7600004
7600005
7600007
7600009
7600012
7600016
7600022
7600030
7600042
7600058
7600081
7600113
7600158
7600221
7600309
7600432
7600604
7600845
7601183
7601656
7602318
7603245
7604543
7606360
7608904
7612465
7617451
7624431
7634203
7647884
7667037
7693851
7704748
7720715
7731391
7783947
7785027
7789305
7800511
7849000
7857525
7906647
7914651
7939037
7960535
8000000
8000001
8000002
8000003
8000004
8000005
8000007
8000009
8000012
8000016
8000022
8000030
8000042
8000058
8000081
8000113
8000158
8000221
8000309
8000432
8000604
8000845
8001183
8001656
8002318
8003245
8004543
8006360
8008904
8012465
8017451
8024431
8034203
8047884
8067037
8093851
8104748
8120715
8131391
8183947
8185027
8189305
8200511
8249000
8257525
8306647
8314651
8339037
8360535
8400000
8400001
8400002
8400003
8400004
8400005
8400007
8400009
8400012
8400016
8400022
8400030
8400042
8400058
8400081
8400113
8400158
8400221
8400309
8400432
8400604
8400845
8401183
8401656
8402318
8403245
8404543
8406360
8408904
8412465
8417451
8424431
8434203
8447884
8467037
8493851
8504748
8520715
8531391
8583947
8585027
8589305
8600511
8649000
8657525
8706647
8714651
8739037
8760535
8800000
8800001
8800002
8800003
8800004
8800005
8800007
8800009
8800012
8800016
8800022
8800030
8800042
8800058
8800081
8800113
8800158
8800221
8800309
8800432
8800604
8800845
8801183
8801656
8802318
8803245
8804543
8806360
8808904
8812465
8817451
8824431
8834203
8847884
8867037
8893851
8904748
8920715
8931391
8983947
8985027
8989305
9000511
9049000
9057525
9106647
9114651
9139037
9160535
9200000
9200001
9200002
9200003
9200004
9200005
9200007
9200009
9200012
9200016
9200022
9200030
9200042
9200058
9200081
9200113
9200158
9200221
9200309
9200432
9200604
9200845
9201183
9201656
9202318
9203245
9204543
9206360
9208904
9212465
9217451
9224431
9234203
9247884
9267037
9293851
9304748
9320715
9331391
9383947
9385027
9389305
9400511
9449000
9457525
9506647
9514651
9539037
9560535
9600000
9600001
9600002
9600003
9600004
9600005
9600007
9600009
9600012
9600016
9600022
9600030
9600042
9600058
9600081
9600113
9600158
9600221
9600309
9600432
9600604
9600845
9601183
9601656
9602318
9603245
9604543
9606360
9608904
9612465
9617451
9624431
9634203
9647884
9667037
9693851
9704748
9720715
9731391
9783947
9785027
9789305
9800511
9849000
9857525
9906647
9914651
9939037
9960535
10000000
10000001
10000002
10000003
10000004
10000005
10000007
10000009
10000012
10000016
10000022
10000030
10000042
10000058
10000081
10000113
10000158
10000221
10000309
10000432
10000604
10000845
10001183
10001656
10002318
10003245
10004543
10006360
10008904
10012465
10017451
10024431
10034203
10047884
10067037
10093851
10104748
10120715
10131391
10183947
10185027
10189305
10200511
10249000
10257525
10306647
10314651
10339037
10360535
10400000
10400001
10400002
10400003
10400004
10400005
10400007
10400009
10400012
10400016
10400022
10400030
10400042
10400058
10400081
10400113
10400158
10400221
10400309
10400432
10400604
10400845
10401183
10401656
10402318
10403245
10404543
10406360
10408904
10412465
10417451
10424431
10428600
10434203
10447884
10467037
10493851
10504748
10520715
10531391
10583947
10585027
10589305
10600511
10649000
10657525
10706647
10714651
10739037
10760535
10800000
10800001
10800002
10800003
10800004
10800005
10800007
10800009
10800012
10800016
10800022
10800030
10800042
10800058
10800081
10800113
10800158
10800221
10800309
10800432
10800604
10800845
10801183
10801656
10802318
10803245
10804543
10806360
10808904
10812465
10817451
10824431
10828600
10834203
10847884
10867037
10893851
10904748
10920715
10931391
10983947
10985027
10989305
11000511
11049000
11057525
11106647
11114651
11139037
11160535
11200000
11200001
11200002
11200003
11200004
11200005
11200007
11200009
11200012
11200016
11200022
11200030
11200042
11200058
11200081
11200113
11200158
11200221
11200309
11200432
11200604
11200845
11201183
11201656
11202318
11203245
11204543
11206360
11208904
11212465
11217451
11224431
11228600
11234203
11247884
11267037
11293851
11304748
11320715
11331391
11383947
11385027
11389305
11400511
11449000
11457525
11506647
11514651
11539037
11560535
11600000
11600001
11600002
11600003
11600004
11600005
11600007
11600009
11600012
11600016
11600022
11600030
11600042
11600058
11600081
11600113
11600158
11600221
11600309
11600432
11600604
11600845
11601183
11601656
11602318
11603245
11604543
11606360
11608904
11612465
11617451
11624431
11628600
11634203
11647884
11667037
11693851
11704748
11720715
11731391
11783947
11785027
11789305
11800511
11849000
11857525
11906647
11914651
11939037
11960535
12000000
12000001
12000002
12000003
12000004
12000005
12000007
12000009
12000012
12000016
12000022
12000030
12000042
12000058
12000081
12000113
12000158
12000221
12000309
12000432
12000604
12000845
12001183
12001656
12002318
12003245
12004543
12006360
12008904
12012465
12017451
12024431
12028600
12034203
12047884
12067037
12093851
12104748
12120715
12131391
12183947
12185027
12189305
12200511
12249000
12257525
12306647
12314651
12339037
12360535
12400000
12400001
12400002
12400003
12400004
12400005
12400007
12400009
12400012
12400016
12400022
12400030
12400042
12400058
12400081
12400113
12400158
12400221
12400309
12400432
12400604
12400845
12401183
12401656
12402318
12403245
12404543
12406360
12408904
12412465
12417451
12424431
12428600
12434203
12447884
12467037
12493851
12504748
12520715
12531391
12583947
12585027
12589305
12600511
12649000
12657525
12706647
12714651
12739037
12760535
12800000
12800001
12800002
12800003
12800004
12800005
12800007
12800009
12800012
12800016
12800022
12800030
12800042
12800058
12800081
12800113
12800158
12800221
12800309
12800432
12800604
12800845
12801183
12801656
12802318
12803245
12804543
12806360
12808904
12812465
12817451
12824431
12828600
12834203
12847884
12867037
12893851
12904748
12920715
12931391
12983947
12985027
12989305
13000511
13049000
13057525
13106647
13114651
13139037
13160535
13200000
13200001
13200002
13200003
13200004
13200005
13200007
13200009
13200012
13200016
13200022
13200030
13200042
13200058
13200081
13200113
13200158
13200221
13200309
13200432
13200604
13200845
13201183
13201656
13202318
13203245
13204543
13206360
13208904
13212465
13217451
13224431
13228600
13234203
13247884
13267037
13293851
13304748
13320715
13331391
13383947
13385027
13389305
13400511
13449000
13457525
13506647
13514651
13539037
13560535
13600000
13600001
13600002
13600003
13600004
13600005
13600007
13600009
13600012
13600016
13600022
13600030
13600042
13600058
13600081
13600113
13600158
13600221
13600309
13600432
13600604
13600845
13601183
13601656
13602318
13603245
13604543
13606360
13608904
13612465
13617451
13624431
13628600
13634203
13647884
13667037
13693851
13704748
13720715
13731391
13783947
13785027
13789305
13800511
13849000
13857525
13906647
13914651
13939037
13960535
14000000
14000001
14000002
14000003
14000004
14000005
14000007
14000009
14000012
14000016
14000022
14000030
14000042
14000058
14000081
14000113
14000158
14000221
14000309
14000432
14000604
14000845
14001183
14001656
14002318
14003245
14004543
14006360
14008904
14012465
14017451
14024431
14028600
14034203
14047884
14067037
14093851
14104748
14120715
14131391
14183947
14185027
14189305
14200511
14249000
14257525
14306647
14314651
14339037
14360535
14400000
14400001
14400002
14400003
14400004
14400005
14400007
14400009
14400012
14400016
14400022
14400030
14400042
14400058
14400081
14400113
14400158
14400221
14400309
14400432
14400604
14400845
14401183
14401656
14402318
14403245
14404543
14406360
14408904
14412465
14417451
14424431
14428600
14434203
14447884
14467037
14493851
14504748
14520715
14531391
14583947
14585027
14589305
14600040
14600511
14649000
14657525
14706647
14714651
14739037
14760535
14800000
14800001
14800002
14800003
14800004
14800005
14800007
14800009
14800012
14800016
14800022
14800030
14800042
14800058
14800081
14800113
14800158
14800221
14800309
14800432
14800604
14800845
14801183
14801656
14802318
14803245
14804543
14806360
14808904
14812465
14817451
14824431
14828600
14834203
14847884
14867037
14893851
14904748
14920715
14931391
14983947
14985027
14989305
15000040
15000511
15049000
15057525
15106647
15114651
15139037
15160535
15200000
15200001
15200002
15200003
15200004
15200005
15200007
15200009
15200012
15200016
15200022
15200030
15200042
15200058
15200081
15200113
15200158
15200221
15200309
15200432
15200604
15200845
15201183
15201656
15202318
15203245
15204543
15206360
15208904
15212465
15217451
15224431
15228600
15234203
15247884
15267037
15293851
15304748
15320715
15331391
15383947
15385027
15389305
15400040
15400511
15449000
15457525
15506647
15514651
15539037
15560535
15600000
15600001
15600002
15600003
15600004
15600005
15600007
15600009
15600012
15600016
15600022
15600030
15600042
15600058
15600081
15600113
15600158
15600221
15600309
15600432
15600604
15600845
15601183
15601656
15602318
15603245
15604543
15606360
15608904
15612465
15617451
15624431
15628600
15634203
15647884
15667037
15693851
15704748
15720715
15731391
15783947
15785027
15789305
15800040
15800511
15849000
15857525
15906647
15914651
15939037
15960535
16000000
16000001
16000002
16000003
16000004
16000005
16000007
16000009
16000012
16000016
16000022
16000030
16000042
16000058
16000081
16000113
16000158
16000221
16000309
16000432
16000604
16000845
16001183
16001656
16002318
16003245
16004543
16006360
16008904
16012465
16017451
16024431
16028600
16034203
16047884
16067037
16093851
16104748
16120715
16131391
16183947
16185027
16189305
16200040
16200511
16249000
16257525
16306647
16314651
16339037
16360535
16400000
16400001
16400002
16400003
16400004
16400005
16400007
16400009
16400012
16400016
16400022
16400030
16400042
16400058
16400081
16400113
16400158
16400221
16400309
16400432
16400604
16400845
16401183
16401656
16402318
16403245
16404543
16406360
16408904
16412465
16417451
16424431
16428600
16434203
16447884
16467037
16493851
16504748
16520715
16531391
16583947
16585027
16589305
16600040
16600511
16649000
16657525
16706647
16714651
16739037
16760535
16800000
16800001
16800002
16800003
16800004
16800005
16800007
16800009
16800012
16800016
16800022
16800030
16800042
16800058
16800081
16800113
16800158
16800221
16800309
16800432
16800604
16800845
16801183
16801656
16802318
16803245
16804543
16806360
16808904
16812465
16817451
16824431
16828600
16834203
16847884
16867037
16893851
16904748
16920715
16931391
16983947
16985027
16989305
17000040
17000511
17049000
17057525
17106647
17114651
17139037
17160535
17200000
17200001
17200002
17200003
17200004
17200005
17200007
17200009
17200012
17200016
17200022
17200030
17200042
17200058
17200081
17200113
17200158
17200221
17200309
17200432
17200604
17200845
17201183
17201656
17202318
17203245
17204543
17206360
17208904
17212465
17217451
17224431
17228600
17234203
17247884
17267037
17293851
17304748
17320715
17331391
17383947
17385027
17389305
17400040
17400511
17449000
17457525
17506647
17514651
17539037
17560535
17600000
17600001
17600002
17600003
17600004
17600005
17600007
17600009
17600012
17600016
17600022
17600030
17600042
17600058
17600081
17600113
17600158
17600221
17600309
17600432
17600604
17600845
17601183
17601656
17602318
17603245
17604543
17606360
17608904
17612465
17617451
17624431
17628600
17634203
17647884
17667037
17693851
17704748
17720715
17731391
17783947
17785027
17789305
17800040
17800511
17849000
17857525
17906647
17914651
17939037
17960535
18000000
18000001
18000002
18000003
18000004
18000005
18000007
18000009
18000012
18000016
18000022
18000030
18000042
18000058
18000081
18000113
18000158
18000221
18000309
18000432
18000604
18000845
18001183
18001656
18002318
18003245
18004543
18006360
18008904
18012465
18017451
18024431
18028600
18034203
18047884
18067037
18093851
18104748
18120715
18131391
18183947
18185027
18189305
18200040
18200511
18249000
18257525
18306647
18314651
18339037
18360535
18400000
18400001
18400002
18400003
18400004
18400005
18400007
18400009
18400012
18400016
18400022
18400030
18400042
18400058
18400081
18400113
18400158
18400221
18400309
18400432
18400604
18400845
18401183
18401656
18402318
18403245
18404543
18406360
18408904
18412465
18417451
18424431
18428600
18434203
18447884
18467037
18493851
18504748
18520715
18531391
18583947
18585027
18589305
18600040
18600511
18649000
18657525
18706647
18714651
18739037
18760535
18800000
18800001
18800002
18800003
18800004
18800005
18800007
18800009
18800012
18800016
18800022
18800030
18800042
18800058
18800081
18800113
18800158
18800221
18800309
18800432
18800604
18800845
18801183
18801656
18802318
18803245
18804543
18806360
18808904
18812465
18817451
18824431
18828600
18834203
18847884
18867037
18893851
18904748
18920715
18931391
18983947
18985027
18989305
19000040
19000511
19049000
19057525
19106647
19114651
19139037
19160535
19200000
19200001
19200002
19200003
19200004
19200005
19200007
19200009
19200012
19200016
19200022
19200030
19200042
19200058
19200081
19200113
19200158
19200221
19200309
19200432
19200604
19200845
19201183
19201656
19202318
19203245
19204543
19206360
19208904
19212465
19217451
19224431
19228600
19234203
19247884
19267037
19293851
19304748
19320715
19331391
19383947
19385027
19389305
19400040
19400511
19449000
19457525
19506647
19514651
19539037
19560535
19600000
19600001
19600002
19600003
19600004
19600005
19600007
19600009
19600012
19600016
19600022
19600030
19600042
19600058
19600081
19600113
19600158
19600221
19600309
19600432
19600604
19600845
19601183
19601656
19602318
19603245
19604543
19606360
19608904
19612465
19617451
19624431
19628600
19634203
19647884
19667037
19693851
19704748
19720715
19731391
19783947
19785027
19789305
19800040
19800511
19849000
19857525
19906647
19914651
19939037
19960535
20000000
20000001
20000002
20000003
20000004
20000005
20000007
20000009
20000012
20000016
20000022
20000030
20000042
20000058
20000081
20000113
20000158
20000221
20000309
20000432
20000604
20000845
20001183
20001656
20002318
20003245
20004543
20006360
20008904
20012465
20017451
20024431
20028600
20034203
20047884
20067037
20093851
20104748
20120715
20131391
20183947
20185027
20189305
20200040
20200511
20249000
20257525
20306647
20314651
20339037
20360535
20400000
20400001
20400002
20400003
20400004
20400005
20400007
20400009
20400012
20400016
20400022
20400030
20400042
20400058
20400081
20400113
20400158
20400221
20400309
20400432
20400604
20400845
20401183
20401656
20402318
20403245
20404543
20406360
20408904
20412465
20417451
20424431
20428600
20434203
20440056
20447884
20467037
20493851
20504748
20520715
20531391
20583947
20585027
20589305
20600040
20600511
20649000
20657525
20706647
20714651
20739037
20760535
20800000
20800001
20800002
20800003
20800004
20800005
20800007
20800009
20800012
20800016
20800022
20800030
20800042
20800058
20800081
20800113
20800158
20800221
20800309
20800432
20800604
20800845
20801183
20801656
20802318
20803245
20804543
20806360
20808904
20812465
20817451
20824431
20828600
20834203
20840056
20847884
20867037
20893851
20904748
20920715
20931391
20983947
20985027
20989305
21000040
21000511
21049000
21057525
21106647
21114651
21139037
21160535
21200000
21200001
21200002
21200003
21200004
21200005
21200007
21200009
21200012
21200016
21200022
21200030
21200042
21200058
21200081
21200113
21200158
21200221
21200309
21200432
21200604
21200845
21201183
21201656
21202318
21203245
21204543
21206360
21208904
21212465
21217451
21224431
21228600
21234203
21240056
21247884
21267037
21293851
21304748
21320715
21331391
21383947
21385027
21389305
21400040
21400511
21449000
21457525
21506647
21514651
21539037
21560535
21600000
21600001
21600002
21600003
21600004
21600005
21600007
21600009
21600012
21600016
21600022
21600030
21600042
21600058
21600081
21600113
21600158
21600221
21600309
21600432
21600604
21600845
21601183
21601656
21602318
21603245
21604543
21606360
21608904
21612465
21617451
21624431
21628600
21634203
21640056
21647884
21667037
21693851
21704748
21720715
21731391
21783947
21785027
21789305
21800040
21800511
21849000
21857525
21906647
21914651
21939037
21960535
22000000
22000001
22000002
22000003
22000004
22000005
22000007
22000009
22000012
22000016
22000022
22000030
22000042
22000058
22000081
22000113
22000158
22000221
22000309
22000432
22000604
22000845
22001183
22001656
22002318
22003245
22004543
22006360
22008904
22012465
22017451
22024431
22028600
22034203
22040056
22047884
22067037
22093851
22104748
22120715
22131391
22183947
22185027
22189305
22200040
22200511
22249000
22257525
22306647
22314651
22339037
22360535
22400000
22400001
22400002
22400003
22400004
22400005
22400007
22400009
22400012
22400016
22400022
22400030
22400042
22400058
22400081
22400113
22400158
22400221
22400309
22400432
22400604
22400845
22401183
22401656
22402318
22403245
22404543
22406360
22408904
22412465
22417451
22424431
22428600
22434203
22440056
22447884
22467037
22493851
22504748
22520715
22531391
22583947
22585027
22589305
22600040
22600511
22649000
22657525
22706647
22714651
22739037
22760535
22800000
22800001
22800002
22800003
22800004
22800005
22800007
22800009
22800012
22800016
22800022
22800030
22800042
22800058
22800081
22800113
22800158
22800221
22800309
22800432
22800604
22800845
22801183
22801656
22802318
22803245
22804543
22806360
22808904
22812465
22817451
22824431
22828600
22834203
22840056
22847884
22867037
22893851
22904748
22920715
22931391
22983947
22985027
22989305
23000040
23000511
23049000
23057525
23106647
23114651
23139037
23160535
23200000
23200001
23200002
23200003
23200004
23200005
23200007
23200009
23200012
23200016
23200022
23200030
23200042
23200058
23200081
23200113
23200158
23200221
23200309
23200432
23200604
23200845
23201183
23201656
23202318
23203245
23204543
23206360
23208904
23212465
23217451
23224431
23228600
23234203
23240056
23247884
23267037
23293851
23304748
23320715
23331391
23383947
23385027
23389305
23400040
23400511
23449000
23457525
23506647
23514651
23539037
23560535
23600000
23600001
23600002
23600003
23600004
23600005
23600007
23600009
23600012
23600016
23600022
23600030
23600042
23600058
23600081
23600113
23600158
23600221
23600309
23600432
23600604
23600845
23601183
23601656
23602318
23603245
23604543
23606360
23608904
23612465
23617451
23624431
23628600
23634203
23640056
23647884
23667037
23693851
23704748
23720715
23731391
23783947
23785027
23789305
23800040
23800511
23849000
23857525
23906647
23914651
23939037
23960535
24000000
24000001
24000002
24000003
24000004
24000005
24000007
24000009
24000012
24000016
24000022
24000030
24000042
24000058
24000081
24000113
24000158
24000221
24000309
24000432
24000604
24000845
24001183
24001656
24002318
24003245
24004543
24006360
24008904
24012465
24017451
24024431
24028600
24034203
24040056
24047884
24067037
24093851
24104748
24120715
24131391
24183947
24185027
24189305
24200040
24200511
24249000
24257525
24306647
24314651
24339037
24360535
24400000
24400001
24400002
24400003
24400004
24400005
24400007
24400009
24400012
24400016
24400022
24400030
24400042
24400058
24400081
24400113
24400158
24400221
24400309
24400432
24400604
24400845
24401183
24401656
24402318
24403245
24404543
24406360
24408904
24412465
24417451
24424431
24428600
24434203
24440056
24447884
24467037
24493851
24504748
24520715
24531391
24583947
24585027
24589305
24600040
24600511
24649000
24657525
24706647
24714651
24739037
24760535
24800000
24800001
24800002
24800003
24800004
24800005
24800007
24800009
24800012
24800016
24800022
24800030
24800042
24800058
24800081
24800113
24800158
24800221
24800309
24800432
24800604
24800845
24801183
24801656
24802318
24803245
24804543
24806360
24808904
24812465
24817451
24824431
24828600
24834203
24840056
24847884
24867037
24893851
24904748
24920715
24931391
24983947
24985027
24989305
25000040
25000511
25049000
25057525
25106647
25114651
25139037
25160535
25200000
25200001
25200002
25200003
25200004
25200005
25200007
25200009
25200012
25200016
25200022
25200030
25200042
25200058
25200081
25200113
25200158
25200221
25200309
25200432
25200604
25200845
25201183
25201656
25202318
25203245
25204543
25206360
25208904
25212465
25217451
25224431
25228600
25234203
25240056
25247884
25267037
25293851
25304748
25320715
25331391
25383947
25385027
25389305
25400040
25400511
25449000
25457525
25506647
25514651
25539037
25560535
25600000
25600001
25600002
25600003
25600004
25600005
25600007
25600009
25600012
25600016
25600022
25600030
25600042
25600058
25600081
25600113
25600158
25600221
25600309
25600432
25600604
25600845
25601183
25601656
25602318
25603245
25604543
25606360
25608904
25612465
25617451
25624431
25628600
25634203
25640056
25647884
25667037
25693851
25704748
25720715
25731391
25783947
25785027
25789305
25800040
25800511
25849000
25857525
25906647
25914651
25939037
25960535
26000000
26000001
26000002
26000003
26000004
26000005
26000007
26000009
26000012
26000016
26000022
26000030
26000042
26000058
26000081
26000113
26000158
26000221
26000309
26000432
26000604
26000845
26001183
26001656
26002318
26003245
26004543
26006360
26008904
26012465
26017451
26024431
26028600
26034203
26040056
26047884
26067037
26093851
26104748
26120715
26131391
26183947
26185027
26189305
26200040
26200511
26249000
26257525
26306647
26314651
26339037
26360535
26400000
26400001
26400002
26400003
26400004
26400005
26400007
26400009
26400012
26400016
26400022
26400030
26400042
26400058
26400081
26400113
26400158
26400221
26400309
26400432
26400604
26400845
26401183
26401656
26402318
26403245
26404543
26406360
26408904
26412465
26417451
26424431
26428600
26434203
26440056
26447884
26467037
26493851
26504748
26520715
26531391
26583947
26585027
26589305
26600040
26600511
26649000
26657525
26706647
26714651
26739037
26760535
26800000
26800001
26800002
26800003
26800004
26800005
26800007
26800009
26800012
26800016
26800022
26800030
26800042
26800058
26800081
26800113
26800158
26800221
26800309
26800432
26800604
26800845
26801183
26801656
26802318
26803245
26804543
26806360
26808904
26812465
26817451
26824431
26828600
26834203
26840056
26847884
26867037
26893851
26904748
26920715
26931391
26983947
26985027
26989305
27000040
27000511
27049000
27057525
27106647
27114651
27139037
27160535
27200000
27200001
27200002
27200003
27200004
27200005
27200007
27200009
27200012
27200016
27200022
27200030
27200042
27200058
27200081
27200113
27200158
27200221
27200309
27200432
27200604
27200845
27201183
27201656
27202318
27203245
27204543
27206360
27208904
27212465
27217451
27224431
27228600
27234203
27240056
27247884
27267037
27293851
27304748
27320715
27331391
27383947
27385027
27389305
27400040
27400511
27449000
27457525
27506647
27514651
27539037
27560535
27600000
27600001
27600002
27600003
27600004
27600005
27600007
27600009
27600012
27600016
27600022
27600030
27600042
27600058
27600081
27600113
27600158
27600221
27600309
27600432
27600604
27600845
27601183
27601656
27602318
27603245
27604543
27606360
27608904
27612465
27617451
27624431
27628600
27634203
27640056
27647884
27667037
27693851
27704748
27720715
27731391
27783947
27785027
27789305
27800040
27800511
27849000
27857525
27906647
27914651
27939037
27960535
28000000
28000001
28000002
28000003
28000004
28000005
28000007
28000009
28000012
28000016
28000022
28000030
28000042
28000058
28000081
28000113
28000158
28000221
28000309
28000432
28000604
28000845
28001183
28001656
28002318
28003245
28004543
28006360
28008904
28012465
28017451
28024431
28028600
28034203
28040056
28047884
28067037
28093851
28104748
28120715
28131391
28183947
28185027
28189305
28200040
28200511
28249000
28257525
28306647
28314651
28339037
28360535
28400000
28400001
28400002
28400003
28400004
28400005
28400007
28400009
28400012
28400016
28400022
28400030
28400042
28400058
28400081
28400113
28400158
28400221
28400309
28400432
28400604
28400845
28401183
28401656
28402318
28403245
28404543
28406360
28408904
28412465
28417451
28424431
28428600
28434203
28440056
28447884
28467037
28493851
28504748
28520715
28531391
28583947
28585027
28589305
28600040
28600511
28616078
28649000
28657525
28706647
28714651
28739037
28760535
28800000
28800001
28800002
28800003
28800004
28800005
28800007
28800009
28800012
28800016
28800022
28800030
28800042
28800058
28800081
28800113
28800158
28800221
28800309
28800432
28800604
28800845
28801183
28801656
28802318
28803245
28804543
28806360
28808904
28812465
28817451
28824431
28828600
28834203
28840056
28847884
28867037
28893851
28904748
28920715
28931391
28983947
28985027
28989305
29000040
29000511
29016078
29049000
29057525
29106647
29114651
29139037
29160535
29200000
29200001
29200002
29200003
29200004
29200005
29200007
29200009
29200012
29200016
29200022
29200030
29200042
29200058
29200081
29200113
29200158
29200221
29200309
29200432
29200604
29200845
29201183
29201656
29202318
29203245
29204543
29206360
29208904
29212465
29217451
29224431
29228600
29234203
29240056
29247884
29267037
29293851
29304748
29320715
29331391
29383947
29385027
29389305
29400040
29400511
29416078
29449000
29457525
29506647
29514651
29539037
29560535
29600000
29600001
29600002
29600003
29600004
29600005
29600007
29600009
29600012
29600016
29600022
29600030
29600042
29600058
29600081
29600113
29600158
29600221
29600309
29600432
29600604
29600845
29601183
29601656
29602318
29603245
29604543
29606360
29608904
29612465
29617451
29624431
29628600
29634203
29640056
29647884
29667037
29693851
29704748
29720715
29731391
29783947
29785027
29789305
29800040
29800511
29816078
29849000
29857525
29906647
29914651
29939037
29960535
30000000
30000001
30000002
30000003
30000004
30000005
30000007
30000009
30000012
30000016
30000022
30000030
30000042
30000058
30000081
30000113
30000158
30000221
30000309
30000432
30000604
30000845
30001183
30001656
30002318
30003245
30004543
30006360
30008904
30012465
30017451
30024431
30028600
30034203
30040056
30047884
30067037
30093851
30104748
30120715
30131391
30183947
30185027
30189305
30200040
30200511
30216078
30249000
30257525
30306647
30314651
30339037
30360535
30400000
30400001
30400002
30400003
30400004
30400005
30400007
30400009
30400012
30400016
30400022
30400030
30400042
30400058
30400081
30400113
30400158
30400221
30400309
30400432
30400604
30400845
30401183
30401656
30402318
30403245
30404543
30406360
30408904
30412465
30417451
30424431
30428600
30434203
30440056
30447884
30467037
30493851
30504748
30520715
30531391
30583947
30585027
30589305
30600040
30600511
30616078
30649000
30657525
30706647
30714651
30739037
30760535
30800000
30800001
30800002
30800003
30800004
30800005
30800007
30800009
30800012
30800016
30800022
30800030
30800042
30800058
30800081
30800113
30800158
30800221
30800309
30800432
30800604
30800845
30801183
30801656
30802318
30803245
30804543
30806360
30808904
30812465
30817451
30824431
30828600
30834203
30840056
30847884
30867037
30893851
30904748
30920715
30931391
30983947
30985027
30989305
31000040
31000511
31016078
31049000
31057525
31106647
31114651
31139037
31160535
31200000
31200001
31200002
31200003
31200004
31200005
31200007
31200009
31200012
31200016
31200022
31200030
31200042
31200058
31200081
31200113
31200158
31200221
31200309
31200432
31200604
31200845
31201183
31201656
31202318
31203245
31204543
31206360
31208904
31212465
31217451
31224431
31228600
31234203
31240056
31247884
31267037
31293851
31304748
31320715
31331391
31383947
31385027
31389305
31400040
31400511
31416078
31449000
31457525
31506647
31514651
31539037
31560535
31600000
31600001
31600002
31600003
31600004
31600005
31600007
31600009
31600012
31600016
31600022
31600030
31600042
31600058
31600081
31600113
31600158
31600221
31600309
31600432
31600604
31600845
31601183
31601656
31602318
31603245
31604543
31606360
31608904
31612465
31617451
31624431
31628600
31634203
31640056
31647884
31667037
31693851
31704748
31720715
31731391
31783947
31785027
31789305
31800040
31800511
31816078
31849000
31857525
31906647
31914651
31939037
31960535
32000000
32000001
32000002
32000003
32000004
32000005
32000007
32000009
32000012
32000016
32000022
32000030
32000042
32000058
32000081
32000113
32000158
32000221
32000309
32000432
32000604
32000845
32001183
32001656
32002318
32003245
32004543
32006360
32008904
32012465
32017451
32024431
32028600
32034203
32040056
32047884
32067037
32093851
32104748
32120715
32131391
32183947
32185027
32189305
32200040
32200511
32216078
32249000
32257525
32306647
32314651
32339037
32360535
32400000
32400001
32400002
32400003
32400004
32400005
32400007
32400009
32400012
32400016
32400022
32400030
32400042
32400058
32400081
32400113
32400158
32400221
32400309
32400432
32400604
32400845
32401183
32401656
32402318
32403245
32404543
32406360
32408904
32412465
32417451
32424431
32428600
32434203
32440056
32447884
32467037
32493851
32504748
32520715
32531391
32583947
32585027
32589305
32600040
32600511
32616078
32649000
32657525
32706647
32714651
32739037
32760535
32800000
32800001
32800002
32800003
32800004
32800005
32800007
32800009
32800012
32800016
32800022
32800030
32800042
32800058
32800081
32800113
32800158
32800221
32800309
32800432
32800604
32800845
32801183
32801656
32802318
32803245
32804543
32806360
32808904
32812465
32817451
32824431
32828600
32834203
32840056
32847884
32867037
32893851
32904748
32920715
32931391
32983947
32985027
32989305
33000040
33000511
33016078
33049000
33057525
33106647
33114651
33139037
33160535
33200000
33200001
33200002
33200003
33200004
33200005
33200007
33200009
33200012
33200016
33200022
33200030
33200042
33200058
33200081
33200113
33200158
33200221
33200309
33200432
33200604
33200845
33201183
33201656
33202318
33203245
33204543
33206360
33208904
33212465
33217451
33224431
33228600
33234203
33240056
33247884
33267037
33293851
33304748
33320715
33331391
33383947
33385027
33389305
33400040
33400511
33416078
33449000
33457525
33506647
33514651
33539037
33560535
33600000
33600001
33600002
33600003
33600004
33600005
33600007
33600009
33600012
33600016
33600022
33600030
33600042
33600058
33600081
33600113
33600158
33600221
33600309
33600432
33600604
33600845
33601183
33601656
33602318
33603245
33604543
33606360
33608904
33612465
33617451
33624431
33628600
33634203
33640056
33647884
33667037
33693851
33704748
33720715
33731391
33783947
33785027
33789305
33800040
33800511
33816078
33849000
33857525
33906647
33914651
33939037
33960535
34000000
34000001
34000002
34000003
34000004
34000005
34000007
34000009
34000012
34000016
34000022
34000030
34000042
34000058
34000081
34000113
34000158
34000221
34000309
34000432
34000604
34000845
34001183
34001656
34002318
34003245
34004543
34006360
34008904
34012465
34017451
34024431
34028600
34034203
34040056
34047884
34067037
34093851
34104748
34120715
34131391
34183947
34185027
34189305
34200040
34200511
34216078
34249000
34257525
34306647
34314651
34339037
34360535
34400000
34400001
34400002
34400003
34400004
34400005
34400007
34400009
34400012
34400016
34400022
34400030
34400042
34400058
34400081
34400113
34400158
34400221
34400309
34400432
34400604
34400845
34401183
34401656
34402318
34403245
34404543
34406360
34408904
34412465
34417451
34424431
34428600
34434203
34440056
34447884
34467037
34493851
34504748
34520715
34531391
34583947
34585027
34589305
34600040
34600511
34616078
34649000
34657525
34706647
34714651
34739037
34760535
34800000
34800001
34800002
34800003
34800004
34800005
34800007
34800009
34800012
34800016
34800022
34800030
34800042
34800058
34800081
34800113
34800158
34800221
34800309
34800432
34800604
34800845
34801183
34801656
34802318
34803245
34804543
34806360
34808904
34812465
34817451
34824431
34828600
34834203
34840056
34847884
34867037
34893851
34904748
34920715
34931391
34983947
34985027
34989305
35000040
35000511
35016078
35049000
35057525
35106647
35114651
35139037
35160535
35200000
35200001
35200002
35200003
35200004
35200005
35200007
35200009
35200012
35200016
35200022
35200030
35200042
35200058
35200081
35200113
35200158
35200221
35200309
35200432
35200604
35200845
35201183
35201656
35202318
35203245
35204543
35206360
35208904
35212465
35217451
35224431
35228600
35234203
35240056
35247884
35267037
35293851
35304748
35320715
35331391
35383947
35385027
35389305
35400040
35400511
35416078
35449000
35457525
35506647
35514651
35539037
35560535
35600000
35600001
35600002
35600003
35600004
35600005
35600007
35600009
35600012
35600016
35600022
35600030
35600042
35600058
35600081
35600113
35600158
35600221
35600309
35600432
35600604
35600845
35601183
35601656
35602318
35603245
35604543
35606360
35608904
35612465
35617451
35624431
35628600
35634203
35640056
35647884
35667037
35693851
35704748
35720715
35731391
35783947
35785027
35789305
35800040
35800511
35816078
35849000
35857525
35906647
35914651
35939037
35960535
36000000
36000001
36000002
36000003
36000004
36000005
36000007
36000009
36000012
36000016
36000022
36000030
36000042
36000058
36000081
36000113
36000158
36000221
36000309
36000432
36000604
36000845
36001183
36001656
36002318
36003245
36004543
36006360
36008904
36012465
36017451
36024431
36028600
36034203
36040056
36047884
36067037
36093851
36104748
36120715
36131391
36183947
36185027
36189305
36200040
36200511
36216078
36249000
36257525
36306647
36314651
36339037
36360535
36400000
36400001
36400002
36400003
36400004
36400005
36400007
36400009
36400012
36400016
36400022
36400030
36400042
36400058
36400081
36400113
36400158
36400221
36400309
36400432
36400604
36400845
36401183
36401656
36402318
36403245
36404543
36406360
36408904
36412465
36417451
36424431
36428600
36434203
36440056
36447884
36467037
36493851
36504748
36520715
36531391
36583947
36585027
36589305
36600040
36600511
36616078
36649000
36657525
36706647
36714651
36739037
36760535
36800000
36800001
36800002
36800003
36800004
36800005
36800007
36800009
36800012
36800016
36800022
36800030
36800042
36800058
36800081
36800113
36800158
36800221
36800309
36800432
36800604
36800845
36801183
36801656
36802318
36803245
36804543
36806360
36808904
36812465
36817451
36824431
36828600
36834203
36840056
36847884
36867037
36893851
36904748
36920715
36931391
36983947
36985027
36989305
37000040
37000511
37016078
37049000
37057525
37106647
37114651
37139037
37160535
37200000
37200001
37200002
37200003
37200004
37200005
37200007
37200009
37200012
37200016
37200022
37200030
37200042
37200058
37200081
37200113
37200158
37200221
37200309
37200432
37200604
37200845
37201183
37201656
37202318
37203245
37204543
37206360
37208904
37212465
37217451
37224431
37228600
37234203
37240056
37247884
37267037
37293851
37304748
37320715
37331391
37383947
37385027
37389305
37400040
37400511
37416078
37449000
37457525
37506647
37514651
37539037
37560535
37600000
37600001
37600002
37600003
37600004
37600005
37600007
37600009
37600012
37600016
37600022
37600030
37600042
37600058
37600081
37600113
37600158
37600221
37600309
37600432
37600604
37600845
37601183
37601656
37602318
37603245
37604543
37606360
37608904
37612465
37617451
37624431
37628600
37634203
37640056
37647884
37667037
37693851
37704748
37720715
37731391
37783947
37785027
37789305
37800040
37800511
37816078
37849000
37857525
37906647
37914651
37939037
37960535
38000000
38000001
38000002
38000003
38000004
38000005
38000007
38000009
38000012
38000016
38000022
38000030
38000042
38000058
38000081
38000113
38000158
38000221
38000309
38000432
38000604
38000845
38001183
38001656
38002318
38003245
38004543
38006360
38008904
38012465
38017451
38024431
38028600
38034203
38040056
38047884
38067037
38093851
38104748
38120715
38131391
38183947
38185027
38189305
38200040
38200511
38216078
38249000
38257525
38306647
38314651
38339037
38360535
38400000
38400001
38400002
38400003
38400004
38400005
38400007
38400009
38400012
38400016
38400022
38400030
38400042
38400058
38400081
38400113
38400158
38400221
38400309
38400432
38400604
38400845
38401183
38401656
38402318
38403245
38404543
38406360
38408904
38412465
38417451
38424431
38428600
38434203
38440056
38447884
38467037
38493851
38504748
38520715
38531391
38583947
38585027
38589305
38600040
38600511
38616078
38649000
38657525
38706647
38714651
38739037
38760535
38800000
38800001
38800002
38800003
38800004
38800005
38800007
38800009
38800012
38800016
38800022
38800030
38800042
38800058
38800081
38800113
38800158
38800221
38800309
38800432
38800604
38800845
38801183
38801656
38802318
38803245
38804543
38806360
38808904
38812465
38817451
38824431
38828600
38834203
38840056
38847884
38867037
38893851
38904748
38920715
38931391
38983947
38985027
38989305
39000040
39000511
39016078
39049000
39057525
39106647
39114651
39139037
39160535
39200000
39200001
39200002
39200003
39200004
39200005
39200007
39200009
39200012
39200016
39200022
39200030
39200042
39200058
39200081
39200113
39200158
39200221
39200309
39200432
39200604
39200845
39201183
39201656
39202318
39203245
39204543
39206360
39208904
39212465
39217451
39224431
39228600
39234203
39240056
39247884
39267037
39293851
39304748
39320715
39331391
39383947
39385027
39389305
39400040
39400511
39416078
39449000
39457525
39506647
39514651
39539037
39560535
39600000
39600001
39600002
39600003
39600004
39600005
39600007
39600009
39600012
39600016
39600022
39600030
39600042
39600058
39600081
39600113
39600158
39600221
39600309
39600432
39600604
39600845
39601183
39601656
39602318
39603245
39604543
39606360
39608904
39612465
39617451
39624431
39628600
39634203
39640056
39647884
39667037
39693851
39704748
39720715
39731391
39783947
39785027
39789305
39800040
39800511
39816078
39849000
39857525
39906647
39914651
39939037
39960535
40000000
40000001
40000002
40000003
40000004
40000005
40000007
40000009
40000012
40000016
40000022
40000030
40000042
40000058
40000081
40000113
40000158
40000221
40000309
40000432
40000604
40000845
40001183
40001656
40002318
40003245
40004543
40006360
40008904
40012465
40017451
40024431
40028600
40034203
40040056
40047884
40062509
40067037
40093851
40104748
40120715
40131391
40183947
40185027
40189305
40200040
40200511
40216078
40249000
40257525
40306647
40314651
40339037
40360535
40400000
40400001
40400002
40400003
40400004
40400005
40400007
40400009
40400012
40400016
40400022
40400030
40400042
40400058
40400081
40400113
40400158
40400221
40400309
40400432
40400604
40400845
40401183
40401656
40402318
40403245
40404543
40406360
40408904
40412465
40417451
40424431
40428600
40434203
40440056
40447884
40462509
40467037
40493851
40504748
40520715
40531391
40583947
40585027
40589305
40600040
40600511
40616078
40649000
40657525
40706647
40714651
40739037
40760535
40800000
40800001
40800002
40800003
40800004
40800005
40800007
40800009
40800012
40800016
40800022
40800030
40800042
40800058
40800081
40800113
40800158
40800221
40800309
40800432
40800604
40800845
40801183
40801656
40802318
40803245
40804543
40806360
40808904
40812465
40817451
40824431
40828600
40834203
40840056
40847884
40862509
40867037
40893851
40904748
40920715
40931391
40983947
40985027
40989305
41000040
41000511
41016078
41049000
41057525
41106647
41114651
41139037
41160535
41200000
41200001
41200002
41200003
41200004
41200005
41200007
41200009
41200012
41200016
41200022
41200030
41200042
41200058
41200081
41200113
41200158
41200221
41200309
41200432
41200604
41200845
41201183
41201656
41202318
41203245
41204543
41206360
41208904
41212465
41217451
41224431
41228600
41234203
41240056
41247884
41262509
41267037
41293851
41304748
41320715
41331391
41383947
41385027
41389305
41400040
41400511
41416078
41449000
41457525
41506647
41514651
41539037
41560535
41600000
41600001
41600002
41600003
41600004
41600005
41600007
41600009
41600012
41600016
41600022
41600030
41600042
41600058
41600081
41600113
41600158
41600221
41600309
41600432
41600604
41600845
41601183
41601656
41602318
41603245
41604543
41606360
41608904
41612465
41617451
41624431
41628600
41634203
41640056
41647884
41662509
41667037
41693851
41704748
41720715
41731391
41783947
41785027
41789305
41800040
41800511
41816078
41849000
41857525
41906647
41914651
41939037
41960535
42000000
42000001
42000002
42000003
42000004
42000005
42000007
42000009
42000012
42000016
42000022
42000030
42000042
42000058
42000081
42000113
42000158
42000221
42000309
42000432
42000604
42000845
42001183
42001656
42002318
42003245
42004543
42006360
42008904
42012465
42017451
42024431
42028600
42034203
42040056
42047884
42062509
42067037
42093851
42104748
42120715
42131391
42183947
42185027
42189305
42200040
42200511
42216078
42249000
42257525
42306647
42314651
42339037
42360535
42400000
42400001
42400002
42400003
42400004
42400005
42400007
42400009
42400012
42400016
42400022
42400030
42400042
42400058
42400081
42400113
42400158
42400221
42400309
42400432
42400604
42400845
42401183
42401656
42402318
42403245
42404543
42406360
42408904
42412465
42417451
42424431
42428600
42434203
42440056
42447884
42462509
42467037
42493851
42504748
42520715
42531391
42583947
42585027
42589305
42600040
42600511
42616078
42649000
42657525
42706647
42714651
42739037
42760535
42800000
42800001
42800002
42800003
42800004
42800005
42800007
42800009
42800012
42800016
42800022
42800030
42800042
42800058
42800081
42800113
42800158
42800221
42800309
42800432
42800604
42800845
42801183
42801656
42802318
42803245
42804543
42806360
42808904
42812465
42817451
42824431
42828600
42834203
42840056
42847884
42862509
42867037
42893851
42904748
42920715
42931391
42983947
42985027
42989305
43000040
43000511
43016078
43049000
43057525
43106647
43114651
43139037
43160535
43200000
43200001
43200002
43200003
43200004
43200005
43200007
43200009
43200012
43200016
43200022
43200030
43200042
43200058
43200081
43200113
43200158
43200221
43200309
43200432
43200604
43200845
43201183
43201656
43202318
43203245
43204543
43206360
43208904
43212465
43217451
43224431
43228600
43234203
43240056
43247884
43262509
43267037
43293851
43304748
43320715
43331391
43383947
43385027
43389305
43400040
43400511
43416078
43449000
43457525
43506647
43514651
43539037
43560535
43600000
43600001
43600002
43600003
43600004
43600005
43600007
43600009
43600012
43600016
43600022
43600030
43600042
43600058
43600081
43600113
43600158
43600221
43600309
43600432
43600604
43600845
43601183
43601656
43602318
43603245
43604543
43606360
43608904
43612465
43617451
43624431
43628600
43634203
43640056
43647884
43662509
43667037
43693851
43704748
43720715
43731391
43783947
43785027
43789305
43800040
43800511
43816078
43849000
43857525
43906647
43914651
43939037
43960535
44000000
44000001
44000002
44000003
44000004
44000005
44000007
44000009
44000012
44000016
44000022
44000030
44000042
44000058
44000081
44000113
44000158
44000221
44000309
44000432
44000604
44000845
44001183
44001656
44002318
44003245
44004543
44006360
44008904
44012465
44017451
44024431
44028600
44034203
44040056
44047884
44062509
44067037
44093851
44104748
44120715
44131391
44183947
44185027
44189305
44200040
44200511
44216078
44249000
44257525
44306647
44314651
44339037
44360535
44400000
44400001
44400002
44400003
44400004
44400005
44400007
44400009
44400012
44400016
44400022
44400030
44400042
44400058
44400081
44400113
44400158
44400221
44400309
44400432
44400604
44400845
44401183
44401656
44402318
44403245
44404543
44406360
44408904
44412465
44417451
44424431
44428600
44434203
44440056
44447884
44462509
44467037
44493851
44504748
44520715
44531391
44583947
44585027
44589305
44600040
44600511
44616078
44649000
44657525
44706647
44714651
44739037
44760535
44800000
44800001
44800002
44800003
44800004
44800005
44800007
44800009
44800012
44800016
44800022
44800030
44800042
44800058
44800081
44800113
44800158
44800221
44800309
44800432
44800604
44800845
44801183
44801656
44802318
44803245
44804543
44806360
44808904
44812465
44817451
44824431
44828600
44834203
44840056
44847884
44862509
44867037
44893851
44904748
44920715
44931391
44983947
44985027
44989305
45000040
45000511
45016078
45049000
45057525
45106647
45114651
45139037
45160535
45200000
45200001
45200002
45200003
45200004
45200005
45200007
45200009
45200012
45200016
45200022
45200030
45200042
45200058
45200081
45200113
45200158
45200221
45200309
45200432
45200604
45200845
45201183
45201656
45202318
45203245
45204543
45206360
45208904
45212465
45217451
45224431
45228600
45234203
45240056
45247884
45262509
45267037
45293851
45304748
45320715
45331391
45383947
45385027
45389305
45400040
45400511
45416078
45449000
45457525
45506647
45514651
45539037
45560535
45600000
45600001
45600002
45600003
45600004
45600005
45600007
45600009
45600012
45600016
45600022
45600030
45600042
45600058
45600081
45600113
45600158
45600221
45600309
45600432
45600604
45600845
45601183
45601656
45602318
45603245
45604543
45606360
45608904
45612465
45617451
45624431
45628600
45634203
45640056
45647884
45662509
45667037
45693851
45704748
45720715
45731391
45783947
45785027
45789305
45800040
45800511
45816078
45849000
45857525
45906647
45914651
45939037
45960535
46000000
46000001
46000002
46000003
46000004
46000005
46000007
46000009
46000012
46000016
46000022
46000030
46000042
46000058
46000081
46000113
46000158
46000221
46000309
46000432
46000604
46000845
46001183
46001656
46002318
46003245
46004543
46006360
46008904
46012465
46017451
46024431
46028600
46034203
46040056
46047884
46062509
46067037
46093851
46104748
46120715
46131391
46183947
46185027
46189305
46200040
46200511
46216078
46249000
46257525
46306647
46314651
46339037
46360535
46400000
46400001
46400002
46400003
46400004
46400005
46400007
46400009
46400012
46400016
46400022
46400030
46400042
46400058
46400081
46400113
46400158
46400221
46400309
46400432
46400604
46400845
46401183
46401656
46402318
46403245
46404543
46406360
46408904
46412465
46417451
46424431
46428600
46434203
46440056
46447884
46462509
46467037
46493851
46504748
46520715
46531391
46583947
46585027
46589305
46600040
46600511
46616078
46649000
46657525
46706647
46714651
46739037
46760535
46800000
46800001
46800002
46800003
46800004
46800005
46800007
46800009
46800012
46800016
46800022
46800030
46800042
46800058
46800081
46800113
46800158
46800221
46800309
46800432
46800604
46800845
46801183
46801656
46802318
46803245
46804543
46806360
46808904
46812465
46817451
46824431
46828600
46834203
46840056
46847884
46862509
46867037
46893851
46904748
46920715
46931391
46983947
46985027
46989305
47000040
47000511
47016078
47049000
47057525
47106647
47114651
47139037
47160535
47200000
47200001
47200002
47200003
47200004
47200005
47200007
47200009
47200012
47200016
47200022
47200030
47200042
47200058
47200081
47200113
47200158
47200221
47200309
47200432
47200604
47200845
47201183
47201656
47202318
47203245
47204543
47206360
47208904
47212465
47217451
47224431
47228600
47234203
47240056
47247884
47262509
47267037
47293851
47304748
47320715
47331391
47383947
47385027
47389305
47400040
47400511
47416078
47449000
47457525
47506647
47514651
47539037
47560535
47600000
47600001
47600002
47600003
47600004
47600005
47600007
47600009
47600012
47600016
47600022
47600030
47600042
47600058
47600081
47600113
47600158
47600221
47600309
47600432
47600604
47600845
47601183
47601656
47602318
47603245
47604543
47606360
47608904
47612465
47617451
47624431
47628600
47634203
47640056
47647884
47662509
47667037
47693851
47704748
47720715
47731391
47783947
47785027
47789305
47800040
47800511
47816078
47849000
47857525
47906647
47914651
47939037
47960535
48000000
48000001
48000002
48000003
48000004
48000005
48000007
48000009
48000012
48000016
48000022
48000030
48000042
48000058
48000081
48000113
48000158
48000221
48000309
48000432
48000604
48000845
48001183
48001656
48002318
48003245
48004543
48006360
48008904
48012465
48017451
48024431
48028600
48034203
48040056
48047884
48062509
48067037
48093851
48104748
48120715
48131391
48183947
48185027
48189305
48200040
48200511
48216078
48249000
48257525
48306647
48314651
48339037
48360535
48400000
48400001
48400002
48400003
48400004
48400005
48400007
48400009
48400012
48400016
48400022
48400030
48400042
48400058
48400081
48400113
48400158
48400221
48400309
48400432
48400604
48400845
48401183
48401656
48402318
48403245
48404543
48406360
48408904
48412465
48417451
48424431
48428600
48434203
48440056
48447884
48462509
48467037
48493851
48504748
48520715
48531391
48583947
48585027
48589305
48600040
48600511
48616078
48649000
48657525
48706647
48714651
48739037
48760535
48800000
48800001
48800002
48800003
48800004
48800005
48800007
48800009
48800012
48800016
48800022
48800030
48800042
48800058
48800081
48800113
48800158
48800221
48800309
48800432
48800604
48800845
48801183
48801656
48802318
48803245
48804543
48806360
48808904
48812465
48817451
48824431
48828600
48834203
48840056
48847884
48862509
48867037
48893851
48904748
48920715
48931391
48983947
48985027
48989305
49000040
49000511
49016078
49049000
49057525
49106647
49114651
49139037
49160535
49200000
49200001
49200002
49200003
49200004
49200005
49200007
49200009
49200012
49200016
49200022
49200030
49200042
49200058
49200081
49200113
49200158
49200221
49200309
49200432
49200604
49200845
49201183
49201656
49202318
49203245
49204543
49206360
49208904
49212465
49217451
49224431
49228600
49234203
49240056
49247884
49262509
49267037
49293851
49304748
49320715
49331391
49383947
49385027
49389305
49400040
49400511
49416078
49449000
49457525
49506647
49514651
49539037
49560535
49600000
49600001
49600002
49600003
49600004
49600005
49600007
49600009
49600012
49600016
49600022
49600030
49600042
49600058
49600081
49600113
49600158
49600221
49600309
49600432
49600604
49600845
49601183
49601656
49602318
49603245
49604543
49606360
49608904
49612465
49617451
49624431
49628600
49634203
49640056
49647884
49662509
49667037
49693851
49704748
49720715
49731391
49783947
49785027
49789305
49800040
49800511
49816078
49849000
49857525
49906647
49914651
49939037
49960535
50000000
50000001
50000002
50000003
50000004
50000005
50000007
50000009
50000012
50000016
50000022
50000030
50000042
50000058
50000081
50000113
50000158
50000221
50000309
50000432
50000604
50000845
50001183
50001656
50002318
50003245
50004543
50006360
50008904
50012465
50017451
50024431
50028600
50034203
50040056
50047884
50062509
50067037
50093851
50104748
50120715
50131391
50183947
50185027
50189305
50200040
50200511
50216078
50249000
50257525
50306647
50314651
50339037
50360535
50400000
50400001
50400002
50400003
50400004
50400005
50400007
50400009
50400012
50400016
50400022
50400030
50400042
50400058
50400081
50400113
50400158
50400221
50400309
50400432
50400604
50400845
50401183
50401656
50402318
50403245
50404543
50406360
50408904
50412465
50417451
50424431
50428600
50434203
50440056
50447884
50462509
50467037
50493851
50504748
50520715
50531391
50583947
50585027
50589305
50600040
50600511
50616078
50649000
50657525
50706647
50714651
50739037
50760535
50800000
50800001
50800002
50800003
50800004
50800005
50800007
50800009
50800012
50800016
50800022
50800030
50800042
50800058
50800081
50800113
50800158
50800221
50800309
50800432
50800604
50800845
50801183
50801656
50802318
50803245
50804543
50806360
50808904
50812465
50817451
50824431
50828600
50834203
50840056
50847884
50862509
50867037
50893851
50904748
50920715
50931391
50983947
50985027
50989305
51000040
51000511
51016078
51049000
51057525
51106647
51114651
51139037
51160535
51200000
51200001
51200002
51200003
51200004
51200005
51200007
51200009
51200012
51200016
51200022
51200030
51200042
51200058
51200081
51200113
51200158
51200221
51200309
51200432
51200604
51200845
51201183
51201656
51202318
51203245
51204543
51206360
51208904
51212465
51217451
51224431
51228600
51234203
51240056
51247884
51262509
51267037
51293851
51304748
51320715
51331391
51383947
51385027
51389305
51400040
51400511
51416078
51449000
51457525
51506647
51514651
51539037
51560535
51600000
51600001
51600002
51600003
51600004
51600005
51600007
51600009
51600012
51600016
51600022
51600030
51600042
51600058
51600081
51600113
51600158
51600221
51600309
51600432
51600604
51600845
51601183
51601656
51602318
51603245
51604543
51606360
51608904
51612465
51617451
51624431
51628600
51634203
51640056
51647884
51662509
51667037
51693851
51704748
51720715
51731391
51783947
51785027
51789305
51800040
51800511
51816078
51849000
51857525
51906647
51914651
51939037
51960535
52000000
52000001
52000002
52000003
52000004
52000005
52000007
52000009
52000012
52000016
52000022
52000030
52000042
52000058
52000081
52000113
52000158
52000221
52000309
52000432
52000604
52000845
52001183
52001656
52002318
52003245
52004543
52006360
52008904
52012465
52017451
52024431
52028600
52034203
52040056
52047884
52062509
52067037
52093851
52104748
52120715
52131391
52183947
52185027
52189305
52200040
52200511
52216078
52249000
52257525
52306647
52314651
52339037
52360535
52400000
52400001
52400002
52400003
52400004
52400005
52400007
52400009
52400012
52400016
52400022
52400030
52400042
52400058
52400081
52400113
52400158
52400221
52400309
52400432
52400604
52400845
52401183
52401656
52402318
52403245
52404543
52406360
52408904
52412465
52417451
52424431
52428600
52434203
52440056
52447884
52462509
52467037
52493851
52504748
52520715
52531391
52583947
52585027
52589305
52600040
52600511
52616078
52649000
52657525
52706647
52714651
52739037
52760535
52800000
52800001
52800002
52800003
52800004
52800005
52800007
52800009
52800012
52800016
52800022
52800030
52800042
52800058
52800081
52800113
52800158
52800221
52800309
52800432
52800604
52800845
52801183
52801656
52802318
52803245
52804543
52806360
52808904
52812465
52817451
52824431
52828600
52834203
52840056
52847884
52862509
52867037
52893851
52904748
52920715
52931391
52983947
52985027
52989305
53000040
53000511
53016078
53049000
53057525
53106647
53114651
53139037
53160535
53200000
53200001
53200002
53200003
53200004
53200005
53200007
53200009
53200012
53200016
53200022
53200030
53200042
53200058
53200081
53200113
53200158
53200221
53200309
53200432
53200604
53200845
53201183
53201656
53202318
53203245
53204543
53206360
53208904
53212465
53217451
53224431
53228600
53234203
53240056
53247884
53262509
53267037
53293851
53304748
53320715
53331391
53383947
53385027
53389305
53400040
53400511
53416078
53449000
53457525
53506647
53514651
53539037
53560535
53600000
53600001
53600002
53600003
53600004
53600005
53600007
53600009
53600012
53600016
53600022
53600030
53600042
53600058
53600081
53600113
53600158
53600221
53600309
53600432
53600604
53600845
53601183
53601656
53602318
53603245
53604543
53606360
53608904
53612465
53617451
53624431
53628600
53634203
53640056
53647884
53662509
53667037
53693851
53704748
53720715
53731391
53783947
53785027
53789305
53800040
53800511
53816078
53849000
53857525
53906647
53914651
53939037
53960535
54000000
54000001
54000002
54000003
54000004
54000005
54000007
54000009
54000012
54000016
54000022
54000030
54000042
54000058
54000081
54000113
54000158
54000221
54000309
54000432
54000604
54000845
54001183
54001656
54002318
54003245
54004543
54006360
54008904
54012465
54017451
54024431
54028600
54034203
54040056
54047884
54062509
54067037
54093851
54104748
54120715
54131391
54183947
54185027
54189305
54200040
54200511
54216078
54249000
54257525
54306647
54314651
54339037
54360535
54400000
54400001
54400002
54400003
54400004
54400005
54400007
54400009
54400012
54400016
54400022
54400030
54400042
54400058
54400081
54400113
54400158
54400221
54400309
54400432
54400604
54400845
54401183
54401656
54402318
54403245
54404543
54406360
54408904
54412465
54417451
54424431
54428600
54434203
54440056
54447884
54462509
54467037
54493851
54504748
54520715
54531391
54583947
54585027
54589305
54600040
54600511
54616078
54649000
54657525
54706647
54714651
54739037
54760535
54800000
54800001
54800002
54800003
54800004
54800005
54800007
54800009
54800012
54800016
54800022
54800030
54800042
54800058
54800081
54800113
54800158
54800221
54800309
54800432
54800604
54800845
54801183
54801656
54802318
54803245
54804543
54806360
54808904
54812465
54817451
54824431
54828600
54834203
54840056
54847884
54862509
54867037
54893851
54904748
54920715
54931391
54983947
54985027
54989305
55000040
55000511
55016078
55049000
55057525
55106647
55114651
55139037
55160535
55200000
55200001
55200002
55200003
55200004
55200005
55200007
55200009
55200012
55200016
55200022
55200030
55200042
55200058
55200081
55200113
55200158
55200221
55200309
55200432
55200604
55200845
55201183
55201656
55202318
55203245
55204543
55206360
55208904
55212465
55217451
55224431
55228600
55234203
55240056
55247884
55262509
55267037
55293851
55304748
55320715
55331391
55383947
55385027
55389305
55400040
55400511
55416078
55449000
55457525
55506647
55514651
55539037
55560535
55600000
55600001
55600002
55600003
55600004
55600005
55600007
55600009
55600012
55600016
55600022
55600030
55600042
55600058
55600081
55600113
55600158
55600221
55600309
55600432
55600604
55600845
55601183
55601656
55602318
55603245
55604543
55606360
55608904
55612465
55617451
55624431
55628600
55634203
55640056
55647884
55662509
55667037
55693851
55704748
55720715
55731391
55783947
55785027
55789305
55800040
55800511
55816078
55849000
55857525
55906647
55914651
55939037
55960535
56000000
56000001
56000002
56000003
56000004
56000005
56000007
56000009
56000012
56000016
56000022
56000030
56000042
56000058
56000081
56000113
56000158
56000221
56000309
56000432
56000604
56000845
56001183
56001656
56002318
56003245
56004543
56006360
56008904
56012465
56017451
56024431
56028600
56034203
56040056
56047884
56062509
56067037
56087512
56093851
56104748
56120715
56131391
56183947
56185027
56189305
56200040
56200511
56216078
56249000
56257525
56306647
56314651
56339037
56360535
56400000
56400001
56400002
56400003
56400004
56400005
56400007
56400009
56400012
56400016
56400022
56400030
56400042
56400058
56400081
56400113
56400158
56400221
56400309
56400432
56400604
56400845
56401183
56401656
56402318
56403245
56404543
56406360
56408904
56412465
56417451
56424431
56428600
56434203
56440056
56447884
56462509
56467037
56487512
56493851
56504748
56520715
56531391
56583947
56585027
56589305
56600040
56600511
56616078
56649000
56657525
56706647
56714651
56739037
56760535
56800000
56800001
56800002
56800003
56800004
56800005
56800007
56800009
56800012
56800016
56800022
56800030
56800042
56800058
56800081
56800113
56800158
56800221
56800309
56800432
56800604
56800845
56801183
56801656
56802318
56803245
56804543
56806360
56808904
56812465
56817451
56824431
56828600
56834203
56840056
56847884
56862509
56867037
56887512
56893851
56904748
56920715
56931391
56983947
56985027
56989305
57000040
57000511
57016078
57049000
57057525
57106647
57114651
57139037
57160535
57200000
57200001
57200002
57200003
57200004
57200005
57200007
57200009
57200012
57200016
57200022
57200030
57200042
57200058
57200081
57200113
57200158
57200221
57200309
57200432
57200604
57200845
57201183
57201656
57202318
57203245
57204543
57206360
57208904
57212465
57217451
57224431
57228600
57234203
57240056
57247884
57262509
57267037
57287512
57293851
57304748
57320715
57331391
57383947
57385027
57389305
57400040
57400511
57416078
57449000
57457525
57506647
57514651
57539037
57560535
57600000
57600001
57600002
57600003
57600004
57600005
57600007
57600009
57600012
57600016
57600022
57600030
57600042
57600058
57600081
57600113
57600158
57600221
57600309
57600432
57600604
57600845
57601183
57601656
57602318
57603245
57604543
57606360
57608904
57612465
57617451
57624431
57628600
57634203
57640056
57647884
57662509
57667037
57687512
57693851
57704748
57720715
57731391
57783947
57785027
57789305
57800040
57800511
57816078
57849000
57857525
57906647
57914651
57939037
57960535
58000000
58000001
58000002
58000003
58000004
58000005
58000007
58000009
58000012
58000016
58000022
58000030
58000042
58000058
58000081
58000113
58000158
58000221
58000309
58000432
58000604
58000845
58001183
58001656
58002318
58003245
58004543
58006360
58008904
58012465
58017451
58024431
58028600
58034203
58040056
58047884
58062509
58067037
58087512
58093851
58104748
58120715
58131391
58183947
58185027
58189305
58200040
58200511
58216078
58249000
58257525
58306647
58314651
58339037
58360535
58400000
58400001
58400002
58400003
58400004
58400005
58400007
58400009
58400012
58400016
58400022
58400030
58400042
58400058
58400081
58400113
58400158
58400221
58400309
58400432
58400604
58400845
58401183
58401656
58402318
58403245
58404543
58406360
58408904
58412465
58417451
58424431
58428600
58434203
58440056
58447884
58462509
58467037
58487512
58493851
58504748
58520715
58531391
58583947
58585027
58589305
58600040
58600511
58616078
58649000
58657525
58706647
58714651
58739037
58760535
58800000
58800001
58800002
58800003
58800004
58800005
58800007
58800009
58800012
58800016
58800022
58800030
58800042
58800058
58800081
58800113
58800158
58800221
58800309
58800432
58800604
58800845
58801183
58801656
58802318
58803245
58804543
58806360
58808904
58812465
58817451
58824431
58828600
58834203
58840056
58847884
58862509
58867037
58887512
58893851
58904748
58920715
58931391
58983947
58985027
58989305
59000040
59000511
59016078
59049000
59057525
59106647
59114651
59139037
59160535
59200000
59200001
59200002
59200003
59200004
59200005
59200007
59200009
59200012
59200016
59200022
59200030
59200042
59200058
59200081
59200113
59200158
59200221
59200309
59200432
59200604
59200845
59201183
59201656
59202318
59203245
59204543
59206360
59208904
59212465
59217451
59224431
59228600
59234203
59240056
59247884
59262509
59267037
59287512
59293851
59304748
59320715
59331391
59383947
59385027
59389305
59400040
59400511
59416078
59449000
59457525
59506647
59514651
59539037
59560535
59600000
59600001
59600002
59600003
59600004
59600005
59600007
59600009
59600012
59600016
59600022
59600030
59600042
59600058
59600081
59600113
59600158
59600221
59600309
59600432
59600604
59600845
59601183
59601656
59602318
59603245
59604543
59606360
59608904
59612465
59617451
59624431
59628600
59634203
59640056
59647884
59662509
59667037
59687512
59693851
59704748
59720715
59731391
59783947
59785027
59789305
59800040
59800511
59816078
59849000
59857525
59906647
59914651
59939037
59960535
60000000
60000001
60000002
60000003
60000004
60000005
60000007
60000009
60000012
60000016
60000022
60000030
60000042
60000058
60000081
60000113
60000158
60000221
60000309
60000432
60000604
60000845
60001183
60001656
60002318
60003245
60004543
60006360
60008904
60012465
60017451
60024431
60028600
60034203
60040056
60047884
60062509
60067037
60087512
60093851
60104748
60120715
60131391
60183947
60185027
60189305
60200040
60200511
60216078
60249000
60257525
60306647
60314651
60339037
60360535
60400000
60400001
60400002
60400003
60400004
60400005
60400007
60400009
60400012
60400016
60400022
60400030
60400042
60400058
60400081
60400113
60400158
60400221
60400309
60400432
60400604
60400845
60401183
60401656
60402318
60403245
60404543
60406360
60408904
60412465
60417451
60424431
60428600
60434203
60440056
60447884
60462509
60467037
60487512
60493851
60504748
60520715
60531391
60583947
60585027
60589305
60600040
60600511
60616078
60649000
60657525
60706647
60714651
60739037
60760535
60800000
60800001
60800002
60800003
60800004
60800005
60800007
60800009
60800012
60800016
60800022
60800030
60800042
60800058
60800081
60800113
60800158
60800221
60800309
60800432
60800604
60800845
60801183
60801656
60802318
60803245
60804543
60806360
60808904
60812465
60817451
60824431
60828600
60834203
60840056
60847884
60862509
60867037
60887512
60893851
60904748
60920715
60931391
60983947
60985027
60989305
61000040
61000511
61016078
61049000
61057525
61106647
61114651
61139037
61160535
61200000
61200001
61200002
61200003
61200004
61200005
61200007
61200009
61200012
61200016
61200022
61200030
61200042
61200058
61200081
61200113
61200158
61200221
61200309
61200432
61200604
61200845
61201183
61201656
61202318
61203245
61204543
61206360
61208904
61212465
61217451
61224431
61228600
61234203
61240056
61247884
61262509
61267037
61287512
61293851
61304748
61320715
61331391
61383947
61385027
61389305
61400040
61400511
61416078
61449000
61457525
61506647
61514651
61539037
61560535
61600000
61600001
61600002
61600003
61600004
61600005
61600007
61600009
61600012
61600016
61600022
61600030
61600042
61600058
61600081
61600113
61600158
61600221
61600309
61600432
61600604
61600845
61601183
61601656
61602318
61603245
61604543
61606360
61608904
61612465
61617451
61624431
61628600
61634203
61640056
61647884
61662509
61667037
61687512
61693851
61704748
61720715
61731391
61783947
61785027
61789305
61800040
61800511
61816078
61849000
61857525
61906647
61914651
61939037
61960535
62000000
62000001
62000002
62000003
62000004
62000005
62000007
62000009
62000012
62000016
62000022
62000030
62000042
62000058
62000081
62000113
62000158
62000221
62000309
62000432
62000604
62000845
62001183
62001656
62002318
62003245
62004543
62006360
62008904
62012465
62017451
62024431
62028600
62034203
62040056
62047884
62062509
62067037
62087512
62093851
62104748
62120715
62131391
62183947
62185027
62189305
62200040
62200511
62216078
62249000
62257525
62306647
62314651
62339037
62360535
62400000
62400001
62400002
62400003
62400004
62400005
62400007
62400009
62400012
62400016
62400022
62400030
62400042
62400058
62400081
62400113
62400158
62400221
62400309
62400432
62400604
62400845
62401183
62401656
62402318
62403245
62404543
62406360
62408904
62412465
62417451
62424431
62428600
62434203
62440056
62447884
62462509
62467037
62487512
62493851
62504748
62520715
62531391
62583947
62585027
62589305
62600040
62600511
62616078
62649000
62657525
62706647
62714651
62739037
62760535
62800000
62800001
62800002
62800003
62800004
62800005
62800007
62800009
62800012
62800016
62800022
62800030
62800042
62800058
62800081
62800113
62800158
62800221
62800309
62800432
62800604
62800845
62801183
62801656
62802318
62803245
62804543
62806360
62808904
62812465
62817451
62824431
62828600
62834203
62840056
62847884
62862509
62867037
62887512
62893851
62904748
62920715
62931391
62983947
62985027
62989305
63000040
63000511
63016078
63049000
63057525
63106647
63114651
63139037
63160535
63200000
63200001
63200002
63200003
63200004
63200005
63200007
63200009
63200012
63200016
63200022
63200030
63200042
63200058
63200081
63200113
63200158
63200221
63200309
63200432
63200604
63200845
63201183
63201656
63202318
63203245
63204543
63206360
63208904
63212465
63217451
63224431
63228600
63234203
63240056
63247884
63262509
63267037
63287512
63293851
63304748
63320715
63331391
63383947
63385027
63389305
63400040
63400511
63416078
63449000
63457525
63506647
63514651
63539037
63560535
63600000
63600001
63600002
63600003
63600004
63600005
63600007
63600009
63600012
63600016
63600022
63600030
63600042
63600058
63600081
63600113
63600158
63600221
63600309
63600432
63600604
63600845
63601183
63601656
63602318
63603245
63604543
63606360
63608904
63612465
63617451
63624431
63628600
63634203
63640056
63647884
63662509
63667037
63687512
63693851
63704748
63720715
63731391
63783947
63785027
63789305
63800040
63800511
63816078
63849000
63857525
63906647
63914651
63939037
63960535
64000000
64000001
64000002
64000003
64000004
64000005
64000007
64000009
64000012
64000016
64000022
64000030
64000042
64000058
64000081
64000113
64000158
64000221
64000309
64000432
64000604
64000845
64001183
64001656
64002318
64003245
64004543
64006360
64008904
64012465
64017451
64024431
64028600
64034203
64040056
64047884
64062509
64067037
64087512
64093851
64104748
64120715
64131391
64183947
64185027
64189305
64200040
64200511
64216078
64249000
64257525
64306647
64314651
64339037
64360535
64400000
64400001
64400002
64400003
64400004
64400005
64400007
64400009
64400012
64400016
64400022
64400030
64400042
64400058
64400081
64400113
64400158
64400221
64400309
64400432
64400604
64400845
64401183
64401656
64402318
64403245
64404543
64406360
64408904
64412465
64417451
64424431
64428600
64434203
64440056
64447884
64462509
64467037
64487512
64493851
64504748
64520715
64531391
64583947
64585027
64589305
64600040
64600511
64616078
64649000
64657525
64706647
64714651
64739037
64760535
64800000
64800001
64800002
64800003
64800004
64800005
64800007
64800009
64800012
64800016
64800022
64800030
64800042
64800058
64800081
64800113
64800158
64800221
64800309
64800432
64800604
64800845
64801183
64801656
64802318
64803245
64804543
64806360
64808904
64812465
64817451
64824431
64828600
64834203
64840056
64847884
64862509
64867037
64887512
64893851
64904748
64920715
64931391
64983947
64985027
64989305
65000040
65000511
65016078
65049000
65057525
65106647
65114651
65139037
65160535
65200000
65200001
65200002
65200003
65200004
65200005
65200007
65200009
65200012
65200016
65200022
65200030
65200042
65200058
65200081
65200113
65200158
65200221
65200309
65200432
65200604
65200845
65201183
65201656
65202318
65203245
65204543
65206360
65208904
65212465
65217451
65224431
65228600
65234203
65240056
65247884
65262509
65267037
65287512
65293851
65304748
65320715
65331391
65383947
65385027
65389305
65400040
65400511
65416078
65449000
65457525
65506647
65514651
65539037
65560535
65600000
65600001
65600002
65600003
65600004
65600005
65600007
65600009
65600012
65600016
65600022
65600030
65600042
65600058
65600081
65600113
65600158
65600221
65600309
65600432
65600604
65600845
65601183
65601656
65602318
65603245
65604543
65606360
65608904
65612465
65617451
65624431
65628600
65634203
65640056
65647884
65662509
65667037
65687512
65693851
65704748
65720715
65731391
65783947
65785027
65789305
65800040
65800511
65816078
65849000
65857525
65906647
65914651
65939037
65960535
66000000
66000001
66000002
66000003
66000004
66000005
66000007
66000009
66000012
66000016
66000022
66000030
66000042
66000058
66000081
66000113
66000158
66000221
66000309
66000432
66000604
66000845
66001183
66001656
66002318
66003245
66004543
66006360
66008904
66012465
66017451
66024431
66028600
66034203
66040056
66047884
66062509
66067037
66087512
66093851
66104748
66120715
66131391
66183947
66185027
66189305
66200040
66200511
66216078
66249000
66257525
66306647
66314651
66339037
66360535
66400000
66400001
66400002
66400003
66400004
66400005
66400007
66400009
66400012
66400016
66400022
66400030
66400042
66400058
66400081
66400113
66400158
66400221
66400309
66400432
66400604
66400845
66401183
66401656
66402318
66403245
66404543
66406360
66408904
66412465
66417451
66424431
66428600
66434203
66440056
66447884
66462509
66467037
66487512
66493851
66504748
66520715
66531391
66583947
66585027
66589305
66600040
66600511
66616078
66649000
66657525
66706647
66714651
66739037
66760535
66800000
66800001
66800002
66800003
66800004
66800005
66800007
66800009
66800012
66800016
66800022
66800030
66800042
66800058
66800081
66800113
66800158
66800221
66800309
66800432
66800604
66800845
66801183
66801656
66802318
66803245
66804543
66806360
66808904
66812465
66817451
66824431
66828600
66834203
66840056
66847884
66862509
66867037
66887512
66893851
66904748
66920715
66931391
66983947
66985027
66989305
67000040
67000511
67016078
67049000
67057525
67106647
67114651
67139037
67160535
67200000
67200001
67200002
67200003
67200004
67200005
67200007
67200009
67200012
67200016
67200022
67200030
67200042
67200058
67200081
67200113
67200158
67200221
67200309
67200432
67200604
67200845
67201183
67201656
67202318
67203245
67204543
67206360
67208904
67212465
67217451
67224431
67228600
67234203
67240056
67247884
67262509
67267037
67287512
67293851
67304748
67320715
67331391
67383947
67385027
67389305
67400040
67400511
67416078
67449000
67457525
67506647
67514651
67539037
67560535
67600000
67600001
67600002
67600003
67600004
67600005
67600007
67600009
67600012
67600016
67600022
67600030
67600042
67600058
67600081
67600113
67600158
67600221
67600309
67600432
67600604
67600845
67601183
67601656
67602318
67603245
67604543
67606360
67608904
67612465
67617451
67624431
67628600
67634203
67640056
67647884
67662509
67667037
67687512
67693851
67704748
67720715
67731391
67783947
67785027
67789305
67800040
67800511
67816078
67849000
67857525
67906647
67914651
67939037
67960535
68000000
68000001
68000002
68000003
68000004
68000005
68000007
68000009
68000012
68000016
68000022
68000030
68000042
68000058
68000081
68000113
68000158
68000221
68000309
68000432
68000604
68000845
68001183
68001656
68002318
68003245
68004543
68006360
68008904
68012465
68017451
68024431
68028600
68034203
68040056
68047884
68062509
68067037
68087512
68093851
68104748
68120715
68131391
68183947
68185027
68189305
68200040
68200511
68216078
68249000
68257525
68306647
68314651
68339037
68360535
68400000
68400001
68400002
68400003
68400004
68400005
68400007
68400009
68400012
68400016
68400022
68400030
68400042
68400058
68400081
68400113
68400158
68400221
68400309
68400432
68400604
68400845
68401183
68401656
68402318
68403245
68404543
68406360
68408904
68412465
68417451
68424431
68428600
68434203
68440056
68447884
68462509
68467037
68487512
68493851
68504748
68520715
68531391
68583947
68585027
68589305
68600040
68600511
68616078
68649000
68657525
68706647
68714651
68739037
68760535
68800000
68800001
68800002
68800003
68800004
68800005
68800007
68800009
68800012
68800016
68800022
68800030
68800042
68800058
68800081
68800113
68800158
68800221
68800309
68800432
68800604
68800845
68801183
68801656
68802318
68803245
68804543
68806360
68808904
68812465
68817451
68824431
68828600
68834203
68840056
68847884
68862509
68867037
68887512
68893851
68904748
68920715
68931391
68983947
68985027
68989305
69000040
69000511
69016078
69049000
69057525
69106647
69114651
69139037
69160535
69200000
69200001
69200002
69200003
69200004
69200005
69200007
69200009
69200012
69200016
69200022
69200030
69200042
69200058
69200081
69200113
69200158
69200221
69200309
69200432
69200604
69200845
69201183
69201656
69202318
69203245
69204543
69206360
69208904
69212465
69217451
69224431
69228600
69234203
69240056
69247884
69262509
69267037
69287512
69293851
69304748
69320715
69331391
69383947
69385027
69389305
69400040
69400511
69416078
69449000
69457525
69506647
69514651
69539037
69560535
69600000
69600001
69600002
69600003
69600004
69600005
69600007
69600009
69600012
69600016
69600022
69600030
69600042
69600058
69600081
69600113
69600158
69600221
69600309
69600432
69600604
69600845
69601183
69601656
69602318
69603245
69604543
69606360
69608904
69612465
69617451
69624431
69628600
69634203
69640056
69647884
69662509
69667037
69687512
69693851
69704748
69720715
69731391
69783947
69785027
69789305
69800040
69800511
69816078
69849000
69857525
69906647
69914651
69939037
69960535
70000000
70000001
70000002
70000003
70000004
70000005
70000007
70000009
70000012
70000016
70000022
70000030
70000042
70000058
70000081
70000113
70000158
70000221
70000309
70000432
70000604
70000845
70001183
70001656
70002318
70003245
70004543
70006360
70008904
70012465
70017451
70024431
70028600
70034203
70040056
70047884
70062509
70067037
70087512
70093851
70104748
70120715
70131391
70183947
70185027
70189305
70200040
70200511
70216078
70249000
70257525
70306647
70314651
70339037
70360535
70400000
70400001
70400002
70400003
70400004
70400005
70400007
70400009
70400012
70400016
70400022
70400030
70400042
70400058
70400081
70400113
70400158
70400221
70400309
70400432
70400604
70400845
70401183
70401656
70402318
70403245
70404543
70406360
70408904
70412465
70417451
70424431
70428600
70434203
70440056
70447884
70462509
70467037
70487512
70493851
70504748
70520715
70531391
70583947
70585027
70589305
70600040
70600511
70616078
70649000
70657525
70706647
70714651
70739037
70760535
70800000
70800001
70800002
70800003
70800004
70800005
70800007
70800009
70800012
70800016
70800022
70800030
70800042
70800058
70800081
70800113
70800158
70800221
70800309
70800432
70800604
70800845
70801183
70801656
70802318
70803245
70804543
70806360
70808904
70812465
70817451
70824431
70828600
70834203
70840056
70847884
70862509
70867037
70887512
70893851
70904748
70920715
70931391
70983947
70985027
70989305
71000040
71000511
71016078
71049000
71057525
71106647
71114651
71139037
71160535
71200000
71200001
71200002
71200003
71200004
71200005
71200007
71200009
71200012
71200016
71200022
71200030
71200042
71200058
71200081
71200113
71200158
71200221
71200309
71200432
71200604
71200845
71201183
71201656
71202318
71203245
71204543
71206360
71208904
71212465
71217451
71224431
71228600
71234203
71240056
71247884
71262509
71267037
71287512
71293851
71304748
71320715
71331391
71383947
71385027
71389305
71400040
71400511
71416078
71449000
71457525
71506647
71514651
71539037
71560535
71600000
71600001
71600002
71600003
71600004
71600005
71600007
71600009
71600012
71600016
71600022
71600030
71600042
71600058
71600081
71600113
71600158
71600221
71600309
71600432
71600604
71600845
71601183
71601656
71602318
71603245
71604543
71606360
71608904
71612465
71617451
71624431
71628600
71634203
71640056
71647884
71662509
71667037
71687512
71693851
71704748
71720715
71731391
71783947
71785027
71789305
71800040
71800511
71816078
71849000
71857525
71906647
71914651
71939037
71960535
72000000
72000001
72000002
72000003
72000004
72000005
72000007
72000009
72000012
72000016
72000022
72000030
72000042
72000058
72000081
72000113
72000158
72000221
72000309
72000432
72000604
72000845
72001183
72001656
72002318
72003245
72004543
72006360
72008904
72012465
72017451
72024431
72028600
72034203
72040056
72047884
72062509
72067037
72087512
72093851
72104748
72120715
72131391
72183947
72185027
72189305
72200040
72200511
72216078
72249000
72257525
72306647
72314651
72339037
72360535
72400000
72400001
72400002
72400003
72400004
72400005
72400007
72400009
72400012
72400016
72400022
72400030
72400042
72400058
72400081
72400113
72400158
72400221
72400309
72400432
72400604
72400845
72401183
72401656
72402318
72403245
72404543
72406360
72408904
72412465
72417451
72424431
72428600
72434203
72440056
72447884
72462509
72467037
72487512
72493851
72504748
72520715
72531391
72583947
72585027
72589305
72600040
72600511
72616078
72649000
72657525
72706647
72714651
72739037
72760535
72800000
72800001
72800002
72800003
72800004
72800005
72800007
72800009
72800012
72800016
72800022
72800030
72800042
72800058
72800081
72800113
72800158
72800221
72800309
72800432
72800604
72800845
72801183
72801656
72802318
72803245
72804543
72806360
72808904
72812465
72817451
72824431
72828600
72834203
72840056
72847884
72862509
72867037
72887512
72893851
72904748
72920715
72931391
72983947
72985027
72989305
73000040
73000511
73016078
73049000
73057525
73106647
73114651
73139037
73160535
73200000
73200001
73200002
73200003
73200004
73200005
73200007
73200009
73200012
73200016
73200022
73200030
73200042
73200058
73200081
73200113
73200158
73200221
73200309
73200432
73200604
73200845
73201183
73201656
73202318
73203245
73204543
73206360
73208904
73212465
73217451
73224431
73228600
73234203
73240056
73247884
73262509
73267037
73287512
73293851
73304748
73320715
73331391
73383947
73385027
73389305
73400040
73400511
73416078
73449000
73457525
73506647
73514651
73539037
73560535
73600000
73600001
73600002
73600003
73600004
73600005
73600007
73600009
73600012
73600016
73600022
73600030
73600042
73600058
73600081
73600113
73600158
73600221
73600309
73600432
73600604
73600845
73601183
73601656
73602318
73603245
73604543
73606360
73608904
73612465
73617451
73624431
73628600
73634203
73640056
73647884
73662509
73667037
73687512
73693851
73704748
73720715
73731391
73783947
73785027
73789305
73800040
73800511
73816078
73849000
73857525
73906647
73914651
73939037
73960535
74000000
74000001
74000002
74000003
74000004
74000005
74000007
74000009
74000012
74000016
74000022
74000030
74000042
74000058
74000081
74000113
74000158
74000221
74000309
74000432
74000604
74000845
74001183
74001656
74002318
74003245
74004543
74006360
74008904
74012465
74017451
74024431
74028600
74034203
74040056
74047884
74062509
74067037
74087512
74093851
74104748
74120715
74131391
74183947
74185027
74189305
74200040
74200511
74216078
74249000
74257525
74306647
74314651
74339037
74360535
74400000
74400001
74400002
74400003
74400004
74400005
74400007
74400009
74400012
74400016
74400022
74400030
74400042
74400058
74400081
74400113
74400158
74400221
74400309
74400432
74400604
74400845
74401183
74401656
74402318
74403245
74404543
74406360
74408904
74412465
74417451
74424431
74428600
74434203
74440056
74447884
74462509
74467037
74487512
74493851
74504748
74520715
74531391
74583947
74585027
74589305
74600040
74600511
74616078
74649000
74657525
74706647
74714651
74739037
74760535
74800000
74800001
74800002
74800003
74800004
74800005
74800007
74800009
74800012
74800016
74800022
74800030
74800042
74800058
74800081
74800113
74800158
74800221
74800309
74800432
74800604
74800845
74801183
74801656
74802318
74803245
74804543
74806360
74808904
74812465
74817451
74824431
74828600
74834203
74840056
74847884
74862509
74867037
74887512
74893851
74904748
74920715
74931391
74983947
74985027
74989305
75000040
75000511
75016078
75049000
75057525
75106647
75114651
75139037
75160535
75200000
75200001
75200002
75200003
75200004
75200005
75200007
75200009
75200012
75200016
75200022
75200030
75200042
75200058
75200081
75200113
75200158
75200221
75200309
75200432
75200604
75200845
75201183
75201656
75202318
75203245
75204543
75206360
75208904
75212465
75217451
75224431
75228600
75234203
75240056
75247884
75262509
75267037
75287512
75293851
75304748
75320715
75331391
75383947
75385027
75389305
75400040
75400511
75416078
75449000
75457525
75506647
75514651
75539037
75560535
75600000
75600001
75600002
75600003
75600004
75600005
75600007
75600009
75600012
75600016
75600022
75600030
75600042
75600058
75600081
75600113
75600158
75600221
75600309
75600432
75600604
75600845
75601183
75601656
75602318
75603245
75604543
75606360
75608904
75612465
75617451
75624431
75628600
75634203
75640056
75647884
75662509
75667037
75687512
75693851
75704748
75720715
75731391
75783947
75785027
75789305
75800040
75800511
75816078
75849000
75857525
75906647
75914651
75939037
75960535
76000000
76000001
76000002
76000003
76000004
76000005
76000007
76000009
76000012
76000016
76000022
76000030
76000042
76000058
76000081
76000113
76000158
76000221
76000309
76000432
76000604
76000845
76001183
76001656
76002318
76003245
76004543
76006360
76008904
76012465
76017451
76024431
76028600
76034203
76040056
76047884
76062509
76067037
76087512
76093851
76104748
76120715
76131391
76183947
76185027
76189305
76200040
76200511
76216078
76249000
76257525
76306647
76314651
76339037
76360535
76400000
76400001
76400002
76400003
76400004
76400005
76400007
76400009
76400012
76400016
76400022
76400030
76400042
76400058
76400081
76400113
76400158
76400221
76400309
76400432
76400604
76400845
76401183
76401656
76402318
76403245
76404543
76406360
76408904
76412465
76417451
76424431
76428600
76434203
76440056
76447884
76462509
76467037
76487512
76493851
76504748
76520715
76531391
76583947
76585027
76589305
76600040
76600511
76616078
76649000
76657525
76706647
76714651
76739037
76760535
76800000
76800001
76800002
76800003
76800004
76800005
76800007
76800009
76800012
76800016
76800022
76800030
76800042
76800058
76800081
76800113
76800158
76800221
76800309
76800432
76800604
76800845
76801183
76801656
76802318
76803245
76804543
76806360
76808904
76812465
76817451
76824431
76828600
76834203
76840056
76847884
76862509
76867037
76887512
76893851
76904748
76920715
76931391
76983947
76985027
76989305
77000040
77000511
77016078
77049000
77057525
77106647
77114651
77139037
77160535
77200000
77200001
77200002
77200003
77200004
77200005
77200007
77200009
77200012
77200016
77200022
77200030
77200042
77200058
77200081
77200113
77200158
77200221
77200309
77200432
77200604
77200845
77201183
77201656
77202318
77203245
77204543
77206360
77208904
77212465
77217451
77224431
77228600
77234203
77240056
77247884
77262509
77267037
77287512
77293851
77304748
77320715
77331391
77383947
77385027
77389305
77400040
77400511
77416078
77449000
77457525
77506647
77514651
77539037
77560535
77600000
77600001
77600002
77600003
77600004
77600005
77600007
77600009
77600012
77600016
77600022
77600030
77600042
77600058
77600081
77600113
77600158
77600221
77600309
77600432
77600604
77600845
77601183
77601656
77602318
77603245
77604543
77606360
77608904
77612465
77617451
77624431
77628600
77634203
77640056
77647884
77662509
77667037
77687512
77693851
77704748
77720715
77731391
77783947
77785027
77789305
77800040
77800511
77816078
77849000
77857525
77906647
77914651
77939037
77960535
78000000
78000001
78000002
78000003
78000004
78000005
78000007
78000009
78000012
78000016
78000022
78000030
78000042
78000058
78000081
78000113
78000158
78000221
78000309
78000432
78000604
78000845
78001183
78001656
78002318
78003245
78004543
78006360
78008904
78012465
78017451
78024431
78028600
78034203
78040056
78047884
78062509
78067037
78087512
78093851
78104748
78120715
78131391
78183947
78185027
78189305
78200040
78200511
78216078
78249000
78257525
78306647
78314651
78339037
78360535
78400000
78400001
78400002
78400003
78400004
78400005
78400007
78400009
78400012
78400016
78400022
78400030
78400042
78400058
78400081
78400113
78400158
78400221
78400309
78400432
78400604
78400845
78401183
78401656
78402318
78403245
78404543
78406360
78408904
78412465
78417451
78424431
78428600
78434203
78440056
78447884
78462509
78467037
78487512
78493851
78504748
78520715
78522516
78531391
78583947
78585027
78589305
78600040
78600511
78616078
78649000
78657525
78706647
78714651
78739037
78760535
78800000
78800001
78800002
78800003
78800004
78800005
78800007
78800009
78800012
78800016
78800022
78800030
78800042
78800058
78800081
78800113
78800158
78800221
78800309
78800432
78800604
78800845
78801183
78801656
78802318
78803245
78804543
78806360
78808904
78812465
78817451
78824431
78828600
78834203
78840056
78847884
78862509
78867037
78887512
78893851
78904748
78920715
78922516
78931391
78983947
78985027
78989305
79000040
79000511
79016078
79049000
79057525
79106647
79114651
79139037
79160535
79200000
79200001
79200002
79200003
79200004
79200005
79200007
79200009
79200012
79200016
79200022
79200030
79200042
79200058
79200081
79200113
79200158
79200221
79200309
79200432
79200604
79200845
79201183
79201656
79202318
79203245
79204543
79206360
79208904
79212465
79217451
79224431
79228600
79234203
79240056
79247884
79262509
79267037
79287512
79293851
79304748
79320715
79322516
79331391
79383947
79385027
79389305
79400040
79400511
79416078
79449000
79457525
79506647
79514651
79539037
79560535
79600000
79600001
79600002
79600003
79600004
79600005
79600007
79600009
79600012
79600016
79600022
79600030
79600042
79600058
79600081
79600113
79600158
79600221
79600309
79600432
79600604
79600845
79601183
79601656
79602318
79603245
79604543
79606360
79608904
79612465
79617451
79624431
79628600
79634203
79640056
79647884
79662509
79667037
79687512
79693851
79704748
79720715
79722516
79731391
79783947
79785027
79789305
79800040
79800511
79816078
79849000
79857525
79906647
79914651
79939037
79960535
79960536
